 77 165 141
 78 163 144
 79 145 155
 80 162 151
 81  42 156
 82  73  42
 83  12  73
 84  40  12
 88 163  40
 89 164 163
 90 144 164
 91  72 144
 93 143  72
 94 157 143
 95 165 157
 96 164 165
 97  40 164
 98  74  40
100  40  74
101  42  40
102 115  42
103 104 115
104  65 104
105  40  65
106 143  40
107 157 143
108 154 157
110 151 154
111 163 151
112 151 163
113 157 151
114 156 157
115  40 156
116 144  40
117 145 144
118 155 145
119 157 155
120  40 157
121  55  40
122  40  55
123 120  40
124 162 120
125 157 162
126 147 157
127 162 147
128 141 162
129 155 141
130  40 155
131  61  40
132 134  62
133 156 134
134  42 156
135  73  42
136  12  73
137  40  12
141 163  40
142 164 163
143 144 164
144  72 144
146 143  72
147 157 143
148 165 157
149 164 165
150  40 164
151  74  40
153  40  74
154  42  40
155 103  42
156 165 103
157 162 165
159 145 162
160 156 145
161 164 156
162  40 164
163 162  40
164 157 162
165 154 157
166 145 154
167  72 145
168  40  72
169  42  40
170  40  42
171  74  40
173  40  74
174 162  40
175 157 162
176 154 157
177 145 154
178  40 145
179  74  40
181  40  74
182  42  40
183 134  42
184 156 134
185  42 156
186  73  42
187  12  73
188  40  12
192 162  40
193 145 162
194 164 145
195 165 164
196 162 165
197 156 162
198  40 156
199  60  40
200  73  60
201  12  73
202 175  12
203  12 175
204 103  12
205 205  73
206  47 212
207  50 206
208 330  57
209 114 232
210 144 350
211 373 337
212 150   5
213 140 237
214 165  63
215  64  76
216 371   1
217 255  25
218   0 134
219 160  27
220 233  60
221 234 170
222  11   2
223  50 247
224  44 274
225 175 357
226 114  77
227 255  20
228  65 221
229 302  55
230 337 212
231 120 241
232 302 377
233 265 253
234 113 211
235 164  32
236 312 110
237  26 161
238 115 177
239  11 366
240 325 363
241  31 226
242 261 267
243  52 330
244 365 266
249 142 245
250 132 172
251 111 366
252  44 350
253 126 104
254 262 237
255  23  40
256 306 230
303  23  63
365  45 105
430  65  75
496 111 311
557 327 323
624 204 174
685  61 261
